// k = 4529, pert = 1575, fix = 0.624104, seed = 41, lb = 6798, workload = 0.999338
15 10
1215 1114 9 78 1148 691 178 25 8 63 
167 65 476 225 990 25 2204 1 6 370 
31 58 39 132 795 546 779 1632 515 2 
2 1632 562 448 864 19 39 50 363 550 
1004 1307 91 14 412 33 577 382 27 682 
726 241 410 462 33 559 306 39 944 809 
781 103 2 27 228 554 713 35 282 1804 
2 450 59 1836 1 119 520 1032 17 493 
117 8 958 13 26 1334 700 28 669 676 
344 1 302 727 73 1314 2 460 718 588 
1048 147 951 805 982 30 384 2 168 12 
225 63 477 574 51 451 296 52 1983 357 
268 1390 17 850 794 13 3 389 795 10 
169 197 730 584 217 482 96 1748 301 5 
699 13 1706 14 175 619 1 923 2 377 

